2
4
5
8
9
12
19
22
24
25
27
28
29
31
37
41
44
46
48
49
50
51
58
64
66
68
70
72
73
74
75
76
77
81
83
86
87
93
96
99
102
105
106
108
112
116
120
121
123
124
132
133
135
136
137
139
144
146
147
151
152
153
158
159
160
161
166
173
174
177
178
179
181
184
187
190
191
192
198
199
200
201
204
206
208
212
213
214
218
219
224
225
226
227
229
231
232
233
234
240
242
244
251
253
254
267
268
269
271
272
273
274
276
278
280
284
288
289
290
291
293
296
299
300
301
304
307
309
313
314
317
318
319
320
325
330
332
335
338
342
346
347
348
349
351
358
360
361
362
364
365
368
371
374
377
381
383
385
386
389
390
395
396
397
398
399
401
408
410
411
413
419
423
424
425
429
430
432
435
436
439
441
446
447
451
453
454
455
456
458
459
461
470
477
478
491
497
499
501
503
507
508
509
511
514
519
521
522
525
526
528
532
534
536
537
539
540
541
542
543
544
546
547
548
551
553
558
565
566
567
569
570
571
573
574
576
577
578
580
582
583
584
585
588
592
595
596
597
599
600
601
603
605
607
609
611
613
614
617
620
621
625
627
632
636
642
646
647
649
652
657
661
664
666
667
669
670
671
673
677
678
685
693
695
696
697
698
699
701
702
704
706
707
711
714
717
719
720
727
732
733
735
736
738
741
744
749
750
760
761
763
765
767
769
779
784
786
787
792
801
803
806
807
809
811
813
817
821
822
823
826
829
845
846
848
851
857
859
860
862
863
865
866
873
879
880
881
883
884
885
886
887
888
890
891
895
896
897
898
901
902
906
917
918
921
922
923
925
926
928
929
931
934
936
937
938
940
942
949
951
954
955
957
958
960
961
965
967
972
974
977
978
979
981
987
989
990
992
994
995
996
998
1001
1003
1004
1012
1014
1017
1019
1020
1021
1022
1023
1025
1031
1034
1036
1037
1039
1040
1041
1042
1044
1045
1046
1047
1050
1051
1057
1059
1060
1069
1070
1075
1078
1079
1080
1081
1085
1091
1095
1096
1103
1105
1109
1111
1116
1119
1121
1124
1126
1135
1140
1141
1143
1144
1147
1148
1150
1160
1162
1163
1164
1168
1169
1172
1174
1182
1184
1188
1190
1196
1198
1203
1207
1210
1211
1212
1213
1216
1219
1221
1226
1228
1230
1232
1237
1240
1242
1243
1248
1249
1254
1255
1257
1261
1262
1264
1265
1269
1271
1274
1275
1280
1283
1284
1285
1286
1290
1291
1294
1295
1298
1304
1306
1308
1309
1311
1314
1316
1321
1322
1323
1324
1326
1330
1336
1338
1339
1341
1342
1345
1346
1347
1348
1350
1352
1357
1359
1366
1371
1374
1375
1378
1379
1381
1384
1385
1386
1387
1393
1394
1395
1398
1399
1400
1401
1403
1404
1412
1415
1416
1418
1422
1425
1428
1429
1431
1432
1433
1437
1438
1441
1443
1447
1448
1450
1452
1458
1459
1460
1467
1468
1469
1470
1471
1473
1485
1486
1487
1489
1493
1495
1496
1499
1500
1503
1506
1507
1508
1512
1518
1519
1525
1526
1528
1529
1531
1532
1537
1539
1540
1541
1542
1543
1545
1546
1547
1548
1552
1553
1555
1557
1560
1561
1566
1570
1574
1577
1578
1581
1582
1585
1586
1587
1589
1590
1591
1593
1594
1595
1598
1600
1601
1604
1605
1606
1607
1608
1614
1615
1616
1618
1619
1631
1632
1640
1641
1642
1644
1645
1646
1647
1649
1652
1653
1658
1659
1661
1670
1672
1674
1677
1678
1680
1681
1682
1685
1686
1689
1690
1691
1692
1693
1695
1697
1698
1699
1700
1708
1710
1713
1714
1715
1718
1719
1720
1721
1722
1723
1724
1725
1726
1727
1730
1732
1733
1734
1739
1740
1741
1744
1747
1748
1753
1761
1763
1766
1767
1768
1771
1772
1775
1778
1785
1789
1791
1794
1798
1801
1803
1804
1806
1808
1810
1815
1816
1818
1821
1823
1827
1828
1829
1830
1832
1833
1834
1841
1842
1843
1847
1850
1855
1856
1858
1865
1869
1872
1873
1874
1878
1879
1882
1886
1889
1891
1893
1894
1897
1898
1905
1909
1910
1912
1914
1917
1919
1923
1924
1925
1929
1930
1931
1932
1933
1935
1936
1942
1944
1946
1950
1951
1952
1953
1955
1957
1958
1961
1962
1968
1976
1983
1984
1986
1990
1993
1994
1995
1997
2004
2005
2006
2010
2012
2015
2016
2020
2024
2025
2026
2027
2030
2031
2033
2040
2041
2042
2043
2051
2053
2056
2060
2061
2065
2068
2069
2075
2076
2078
2079
2081
2090
2092
2094
2095
2096
2098
2099
2102
2106
2108
2109
2110
2111
2113
2118
2122
2123
2134
2136
2138
2141
2143
2147
2148
2150
2153
2156
2158
2164
2165
2167
2168
2172
2175
2176
2177
2178
2181
2182
2183
2186
2187
2195
2200
2204
2205
2206
2210
2218
2220
2222
2226
2228
2229
2230
2231
2239
2243
2246
2252
2255
2257
2258
2261
2264
2266
2268
2271
2273
2275
2278
2279
2280
2283
2291
2293
2295
2298
2299
2300
2301
2302
2305
2307
2309
2314
2315
2321
2323
2324
2327
2329
2330
2333
2342
2343
2347
2350
2352
2355
2360
2365
2370
2373
2374
2381
2382
2386
2387
2389
2392
2393
2395
2400
2402
2409
2412
2418
2419
2421
2422
2423
2424
2427
2429
2431
2432
2436
2437
2439
2441
2442
2444
2445
2448
2449
2454
2458
2459
2462
2464
2467
2472
2473
2474
2475
2476
2483
2485
2487
2488
2489
2490
2491
2494
2496
2502
2508
2511
2513
2516
2517
2525
2526
2527
2530
2532
2533
2534
2539
2540
2541
2542
2547
2548
2549
2550
2553
2557
2558
2560
2561
2564
2569
2571
2573
2574
2578
2582
2583
2588
2589
2597
2599
2602
2605
2606
2607
2610
2612
2613
2615
2616
2620
2626
2627
2628
2629
2630
2636
2640
2641
2642
2645
2646
2652
2653
2654
2657
2658
2660
2662
2663
2665
2666
2667
2670
2677
2680
2683
2684
2687
2690
2694
2698
2705
2707
2710
2711
2715
2716
2719
2720
2725
2728
2730
2734
2735
2736
2737
2739
2741
2743
2754
2755
2756
2757
2761
2763
2764
2765
2769
2771
2772
2773
2775
2778
2781
2782
2783
2785
2791
2793
2795
2802
2805
2807
2809
2810
2811
2813
2816
2819
2822
2823
2825
2826
2828
2830
2835
2843
2845
2848
2850
2851
2853
2856
2857
2858
2860
2861
2862
2866
2867
2868
2869
2870
2872
2873
2876
2877
2878
2880
2882
2883
2886
2888
2890
2894
2896
2903
2904
2908
2915
2917
2918
2920
2921
2922
2923
2925
2929
2930
2932
2937
2939
2946
2950
2956
2957
2958
2960
2963
2964
2965
2967
2972
2977
2980
2983
2984
2985
2986
2988
2989
2994
2997
2998
3004
3006
3007
3016
3019
3021
3023
3024
3028
3029
3030
3033
3034
3035
3037
3040
3042
3043
3044
3049
3051
3052
3053
3054
3057
3058
3061
3063
3065
3069
3071
3075
3076
3078
3079
3080
3082
3083
3087
3088
3089
3092
3094
3095
3098
3101
3106
3107
3108
3109
3110
3111
3113
3117
3119
3120
3125
3127
3129
3134
3135
3146
3153
3154
3156
3158
3159
3160
3161
3162
3163
3165
3168
3169
3172
3175
3177
3178
3188
3190
3191
3193
3196
3197
3198
3208
3209
3210
3212
3215
3220
3221
3222
3224
3226
3228
3229
3230
3231
3233
3234
3236
3238
3242
3243
3244
3245
3246
3248
3249
3250
3251
3252
3253
3256
3259
3261
3262
3266
3273
3274
3278
3282
3291
3293
3295
3296
3300
3306
3311
3312
3313
3314
3321
3322
3323
3324
3327
3328
3332
3333
3334
3337
3339
3344
3345
3353
3356
3358
3360
3363
3364
3369
3370
3372
3373
3377
3378
3380
3383
3387
3388
3390
3391
3393
3395
3396
3398
3400
3401
3402
3404
3407
3408
3409
3410
3412
3414
3415
3421
3426
3427
3428
3429
3430
3433
3435
3438
3441
3444
3449
3450
3452
3453
3454
3456
3457
3460
3466
3471
3473
3475
3476
3477
3478
3483
3484
3485
3486
3487
3492
3493
3494
3495
3498
3499
3500
3503
3504
3505
3506
3507
3509
3510
3515
3517
3521
3522
3525
3527
3528
3529
3531
3532
3533
3535
3536
3538
3539
3546
3547
3549
3553
3557
3558
3560
3564
3567
3570
3573
3574
3575
3578
3579
3582
3584
3586
3587
3589
3592
3594
3596
3602
3603
3605
3606
3607
3608
3612
3613
3622
3623
3624
3625
3627
3628
3633
3637
3638
3642
3645
3649
3652
3655
3658
3659
3660
3663
3666
3670
3672
3675
3680
3681
3686
3687
3689
3691
3693
3695
3697
3699
3700
3701
3703
3704
3705
3706
3709
3713
3714
3715
3716
3719
3721
3727
3728
3729
3731
3732
3733
3738
3740
3741
3743
3744
3745
3747
3750
3755
3758
3759
3760
3762
3764
3765
3766
3767
3768
3769
3771
3775
3777
3778
3783
3786
3788
3791
3793
3794
3796
3798
3801
3802
3805
3809
3810
3811
3812
3813
3818
3819
3820
3835
3836
3837
3840
3843
3845
3847
3849
3850
3857
3858
3860
3864
3865
3866
3874
3875
3876
3877
3879
3880
3882
3884
3885
3888
3891
3894
3898
3899
3903
3908
3910
3911
3916
3918
3922
3924
3926
3928
3931
3937
3938
3940
3941
3942
3949
3951
3952
3953
3958
3961
3963
3966
3967
3971
3973
3975
3976
3978
3980
3983
3984
3986
3989
3990
3991
3993
3997
3998
3999
4000
4006
4008
4011
4012
4018
4019
4021
4023
4025
4026
4035
4036
4037
4038
4039
4045
4048
4049
4050
4051
4054
4057
4064
4065
4066
4071
4072
4075
4076
4078
4081
4083
4089
4090
4092
4094
4096
4097
4099
4103
4105
4106
4107
4110
4111
4113
4114
4115
4119
4122
4124
4127
4128
4129
4131
4133
4134
4135
4137
4139
4141
4147
4148
4149
4150
4151
4154
4155
4157
4159
4160
4161
4163
4164
4165
4166
4169
4170
4171
4173
4175
4176
4180
4181
4182
4184
4188
4189
4190
4193
4195
4196
4197
4201
4204
4207
4208
4209
4211
4221
4222
4223
4224
4225
4226
4231
4232
4233
4238
4244
4246
4247
4248
4250
4251
4252
4253
4254
4256
4259
4267
4269
4270
4271
4272
4273
4274
4277
4279
4286
4287
4292
4294
4297
4298
4300
4302
4306
4308
4313
4314
4315
4318
4322
4324
4325
4326
4327
4329
4330
4334
4335
4336
4337
4344
4345
4346
4347
4348
4353
4357
4358
4363
4364
4366
4367
4368
4369
4370
4371
4373
4379
4381
4383
4384
4389
4392
4393
4395
4397
4401
4403
4406
4407
4410
4411
4412
4413
4414
4415
4423
4424
4425
4426
4430
4433
4436
4437
4438
4439
4443
4444
4445
4447
4448
4449
4450
4451
4452
4453
4454
4456
4460
4462
4463
4465
4469
4472
4477
4478
4481
4482
4483
4487
4488
4495
4496
4497
4500
4507
4512
4513
4514
4515
4518
4524
4525
4526
4528
4529
4531
4534
4540
4541
4543
4545
4548
4549
4551
4554
4557
4558
4561
4562
4565
4566
4567
4568
4571
4572
4573
4575
4579
4580
4582
4584
4587
4588
4590
4591
4594
4595
4601
4603
4605
4608
4610
4614
4615
4618
4620
4621
4622
4623
4624
4626
4632
4634
4637
4638
4640
4644
4645
4648
4652
4653
4658
4660
4661
4662
4665
4669
4671
4673
4680
4684
4686
4687
4690
4696
4703
4704
4705
4708
4713
4717
4718
4722
4725
4727
4728
4729
4730
4733
4734
4735
4736
4740
4741
4742
4744
4745
4749
4751
4752
4753
4755
4756
4758
4760
4761
4765
4770
4778
4779
4782
4784
4787
4788
4791
4792
4793
4797
4798
4802
4805
4807
4811
4814
4815
4816
4818
4823
4824
4826
4828
4829
4831
4833
4835
4837
4838
4842
4847
4853
4856
4858
4859
4861
4866
4868
4871
4872
4876
4879
4881
4882
4884
4887
4889
4890
4896
4897
4898
4899
4901
4903
4910
4911
4913
4915
4916
4920
4922
4925
4927
4928
4931
4934
4936
4945
4948
4949
4951
4953
4954
4957
4958
4962
4963
4964
4965
4966
4972
4973
4974
4978
4979
4984
4987
4990
4994
4996
4998
4999
5000
5001
5002
5004
5006
5009
5012
5014
5018
5021
5023
5024
5025
5030
5032
5033
5037
5039
5040
5042
5047
5050
5054
5058
5059
5061
5064
5066
5070
5071
5072
5074
5075
5079
5080
5083
5090
5091
5101
5102
5105
5109
5116
5122
5123
5125
5126
5128
5129
5130
5139
5142
5144
5149
5150
5151
5152
5153
5154
5157
5163
5169
5174
5175
5176
5181
5183
5184
5185
5187
5189
5195
5196
5198
5199
5200
5203
5205
5206
5210
5211
5213
5215
5216
5220
5221
5223
5226
5236
5237
5238
5240
5242
5243
5244
5247
5253
5258
5259
5260
5262
5264
5267
5272
5273
5276
5277
5279
5280
5282
5287
5289
5291
5293
5295
5296
5297
5298
5302
5306
5307
5311
5313
5314
5317
5320
5321
5322
5326
5327
5329
5331
5334
5335
5336
5340
5343
5347
5348
5350
5352
5353
5355
5359
5361
5362
5363
5365
5371
5376
5378
5381
5382
5384
5388
5392
5393
5394
5399
5400
5405
5410
5413
5414
5416
5417
5418
5419
5422
5425
5426
5427
5429
5431
5436
5437
5440
5441
5444
5448
5449
5450
5451
5452
5454
5455
5456
5460
5461
5463
5464
5469
5470
5472
5474
5476
5477
5485
5486
5494
5495
5496
5498
5499
5500
5502
5508
5510
5512
5515
5517
5519
5520
5521
5522
5523
5524
5527
5530
5535
5539
5540
5543
5544
5545
5546
5551
5553
5555
5560
5561
5562
5563
5564
5565
5568
5569
5570
5572
5574
5575
5577
5585
5593
5598
5600
5601
5603
5604
5606
5609
5614
5615
5616
5617
5622
5627
5629
5632
5637
5640
5643
5646
5647
5650
5652
5655
5659
5662
5664
5665
5669
5671
5673
5675
5678
5679
5680
5684
5686
5687
5689
5692
5700
5702
5703
5704
5708
5709
5719
5722
5723
5728
5729
5730
5732
5737
5740
5742
5745
5748
5751
5752
5753
5754
5756
5757
5758
5760
5762
5764
5765
5769
5775
5778
5784
5785
5787
5788
5789
5791
5792
5794
5799
5800
5801
5802
5803
5804
5807
5808
5811
5813
5814
5815
5817
5820
5821
5823
5824
5827
5828
5831
5833
5834
5835
5836
5837
5842
5843
5844
5846
5849
5851
5856
5858
5860
5862
5863
5868
5869
5873
5875
5876
5878
5880
5881
5887
5891
5893
5896
5897
5900
5901
5903
5904
5907
5908
5912
5916
5917
5919
5921
5924
5928
5929
5930
5931
5932
5935
5937
5938
5939
5943
5947
5948
5949
5952
5953
5954
5955
5957
5963
5964
5969
5975
5976
5980
5983
5987
5994
5996
5998
5999
6000
6003
6006
6007
6010
6019
6021
6023
6024
6025
6026
6028
6031
6033
6035
6037
6038
6039
6040
6041
6043
6047
6051
6057
6061
6062
6064
6066
6069
6071
6073
6074
6075
6077
6081
6088
6091
6093
6100
6101
6102
6103
6104
6105
6109
6110
6112
6116
6119
6120
6122
6129
6133
6136
6138
6140
6141
6144
6147
6148
6150
6151
6153
6154
6156
6160
6164
6166
6168
6172
6174
6178
6179
6180
6181
6184
6186
6190
6192
6193
6194
6195
6196
6199
6204
6208
6212
6214
6216
6217
6218
6223
6228
6230
6232
6233
6237
6238
6243
6244
6245
6246
6250
6253
6254
6256
6257
6258
6260
6264
6268
6269
6271
6273
6277
6278
6279
6280
6281
6285
6286
6287
6290
6291
6292
6294
6295
6303
6305
6307
6308
6309
6311
6313
6318
6320
6322
6325
6327
6328
6337
6338
6343
6353
6356
6357
6361
6362
6364
6368
6370
6372
6377
6380
6382
6383
6391
6392
6395
6398
6399
6403
6406
6411
6413
6417
6421
6422
6424
6427
6428
6430
6433
6437
6443
6445
6447
6449
6450
6456
6458
6460
6462
6469
6470
6472
6474
6477
6485
6488
6489
6493
6498
6503
6504
6507
6508
6509
6515
6518
6519
6522
6525
6527
6529
6531
6532
6536
6541
6542
6544
6546
6549
6551
6554
6556
6558
6559
6560
6563
6564
6565
6568
6570
6576
6578
6579
6581
6584
6586
6592
6593
6595
6596
6604
6605
6606
6608
6609
6611
6612
6622
6624
6629
6630
6632
6634
6635
6640
6641
6646
6649
6650
6651
6654
6657
6658
6659
6660
6664
6668
6669
6670
6671
6673
6676
6678
6680
6681
6682
6684
6685
6686
6687
6689
6691
6692
6694
6695
6697
6699
6700
6702
6704
6705
6711
6713
6717
6718
6719
6722
6725
6731
6733
6740
6748
6749
6755
6759
6763
6764
6765
6766
6768
6770
6771
6773
6776
6777
6783
6784
6787
6788
6789
6790
6797
6798
6799
6802
6805
6806
6809
6811
6812
6813
6816
6819
6821
6823
6824
6827
6831
6833
6837
6840
6842
6845
6846
6849
6850
6852
6861
6862
6863
6866
6867
6875
6876
6877
6881
6882
6884
6885
6888
6892
6895
6899
6900
6903
6907
6908
6909
6915
6916
6921
6922
6925
6929
6930
6934
6941
6943
6946
6947
6950
6952
6953
6954
6955
6956
6957
6958
6959
6960
6963
6964
6965
6969
6970
6972
6979
6982
6987
6989
6992
6993
6995
6996
6999
7004
7006
7007
7012
7016
7021
7024
7025
7026
7029
7031
7034
7037
7038
7039
7040
7043
7047
7048
7052
7053
7054
7055
7058
7059
7060
7061
7067
7074
7075
7077
7078
7079
7080
7081
7083
7084
7085
7087
7096
7101
7102
7103
7105
7106
7108
7116
7118
7129
7130
7133
7136
7138
7141
7143
7144
7145
7146
7147
7148
7149
7151
7154
7158
7159
7160
7161
7171
7172
7174
7177
7178
7179
7180
7186
7187
7188
7189
7193
7195
7199
7202
7204
7209
7210
7212
7213
7214
7215
7217
7223
7232
7233
7234
7238
7239
7241
7246
7249
7250
7255
7256
7257
7259
7263
7264
7270
7272
7274
7278
7281
7283
7284
7285
7287
7288
7289
7292
7293
7294
7296
7298
7302
7303
7304
7307
7309
7310
7311
7312
7317
7318
7320
7321
7325
7326
7329
7330
7335
7337
7346
7349
7356
7358
7359
7362
7363
7364
7372
7376
7378
7379
7380
7381
7384
7391
7394
7399
7400
7401
7403
7406
7411
7412
7415
7416
7417
7423
7424
7425
7426
7430
7431
7432
7433
7434
7438
7441
7445
7447
7450
7452
7455
7457
7458
7459
7465
7467
7468
7471
7474
7476
7482
7486
7489
7492
7498
7501
7504
7505
7506
7507
7508
7510
7512
7513
7517
7518
7523
7524
7525
7528
7529
7533
7534
7535
7539
7540
7541
7543
7544
7548
7550
7554
7559
7561
7564
7567
7568
7569
7572
7578
7581
7585
7586
7587
7590
7591
7592
7593
7597
7598
7601
7604
7607
7608
7610
7611
7613
7619
7621
7622
7624
7626
7631
7632
7633
7634
7638
7639
7644
7646
7647
7650
7656
7657
7662
7663
7665
7666
7668
7671
7679
7689
7690
7695
7705
7706
7707
7709
7712
7713
7719
7727
7728
7731
7733
7735
7736
7739
7742
7743
7747
7750
7754
7756
7759
7762
7765
7767
7772
7773
7774
7779
7780
7784
7785
7789
7793
7794
7796
7801
7802
7809
7813
7815
7816
7817
7819
7821
7822
7826
7827
7828
7830
7832
7833
7839
7843
7844
7846
7850
7851
7853
7854
7862
7863
7864
7865
7866
7867
7876
7884
7885
7886
7889
7891
7892
7897
7899
7903
7905
7906
7908
7911
7912
7914
7915
7917
7918
7919
7921
7924
7932
7933
7943
7947
7948
7950
7951
7956
7959
7960
7963
7966
7967
7968
7973
7979
7985
7990
7991
7994
7995
7996
8002
8004
8006
8007
8009
8010
8014
8019
8020
8023
8035
8037
8039
8042
8044
8047
8049
8052
8053
8055
8057
8059
8061
8063
8064
8065
8067
8069
8070
8071
8072
8073
8074
8081
8082
8085
8087
8090
8092
8095
8097
8102
8103
8106
8108
8110
8111
8112
8114
8116
8117
8128
8132
8133
8136
8137
8142
8146
8148
8149
8150
8152
8157
8158
8159
8160
8161
8162
8163
8167
8169
8176
8177
8181
8185
8187
8191
8192
8194
8195
8196
8197
8203
8205
8207
8209
8211
8214
8217
8218
8219
8220
8224
8225
8228
8230
8234
8238
8239
8241
8242
8250
8252
8256
8257
8258
8259
8260
8261
8264
8269
8271
8273
8276
8278
8279
8286
8289
8292
8296
8299
8302
8306
8307
8315
8319
8320
8321
8323
8326
8327
8331
8336
8339
8341
8343
8344
8348
8350
8351
8352
8355
8356
8358
8359
8360
8361
8363
8364
8373
8374
8380
8381
8385
8386
8391
8393
8398
8400
8401
8405
8407
8408
8409
8412
8414
8415
8416
8423
8424
8427
8429
8431
8432
8434
8435
8436
8439
8440
8446
8447
8450
8451
8453
8456
8460
8461
8466
8472
8480
8483
8486
8489
8496
8497
8504
8505
8506
8514
8520
8522
8525
8529
8534
8536
8537
8538
8540
8542
8547
8548
8549
8550
8552
8554
8556
8558
8559
8563
8566
8571
8578
8579
8588
8589
8592
8593
8602
8605
8606
8609
8617
8618
8619
8621
8627
8628
8629
8630
8631
8633
8634
8636
8642
8643
8644
8647
8651
8654
8656
8659
8663
8665
8673
8674
8675
8677
8680
8684
8686
8688
8689
8690
8692
8697
8699
8701
8705
8707
8708
8714
8715
8716
8717
8720
8725
8726
8727
8730
8731
8732
8734
8735
8736
8738
8739
8740
8741
8743
8744
8747
8749
8750
8751
8754
8763
8765
8766
8770
8771
8772
8773
8776
8777
8778
8783
8784
8787
8788
8793
8795
8796
8797
8802
8807
8808
8809
8812
8815
8819
8820
8826
8829
8831
8832
8834
8836
8838
8839
8842
8844
8845
8852
8855
8858
8860
8862
8866
8869
8874
8875
8876
8883
8884
8885
8886
8888
8889
8890
8891
8892
8893
8894
8895
8896
8903
8905
8909
8911
8912
8913
8915
8918
8920
8922
8926
8928
8930
8932
8935
8937
8940
8942
8947
8948
8949
8954
8955
8959
8961
8963
8966
8967
8971
8977
8978
8979
8980
8984
8987
8992
8993
8997
9002
9003
9005
9008
9013
9018
9019
9024
9026
9028
9031
9032
9033
9034
9037
9041
9042
9043
9054
9057
9059
9061
9063
9064
9065
9067
9075
9076
9077
9078
9079
9081
9082
9085
9086
9089
9090
9094
9097
9099
9102
9103
9104
9107
9109
9110
9113
9114
9115
9118
9123
9125
9128
9131
9133
9134
9135
9136
9138
9142
9143
9146
9148
9149
9150
9154
9157
9160
9163
9164
9165
9167
9168
9172
9173
9175
9177
9179
9184
9185
9187
9188
9189
9191
9195
9196
9200
9201
9206
9209
9215
9218
9222
9223
9224
9227
9234
9235
9239
9240
9243
9246
9248
9249
9250
9253
9256
9258
9260
9262
9263
9264
9265
9267
9270
9271
9272
9273
9276
9279
9280
9286
9287
9293
9295
9300
9304
9306
9307
9308
9309
9310
9313
9314
9316
9319
9324
9325
9326
9329
9330
9331
9332
9338
9343
9345
9346
9352
9353
9358
9362
9363
9365
9368
9369
9370
9371
9373
9374
9375
9378
9379
9380
9383
9384
9387
9391
9392
9393
9394
9396
9398
9399
9400
9401
9404
9406
9412
9415
9417
9420
9421
9422
9431
9433
9436
9439
9440
9442
9445
9446
9447
9450
9453
9455
9458
9461
9465
9468
9470
9472
9473
9474
9479
9480
9482
9486
9487
9488
9491
9493
9495
9501
9508
9510
9511
9514
9515
9516
9518
9525
9526
9528
9532
9535
9536
9538
9539
9542
9543
9544
9545
9548
9549
9550
9551
9552
9553
9554
9555
9557
9560
9561
9564
9565
9566
9567
9570
9571
9576
9578
9586
9587
9589
9590
9595
9597
9601
9602
9604
9605
9606
9607
9608
9610
9612
9613
9618
9619
9623
9625
9626
9631
9633
9635
9636
9637
9638
9642
9644
9645
9648
9652
9653
9655
9658
9661
9662
9663
9664
9668
9670
9672
9674
9676
9678
9679
9680
9681
9684
9685
9687
9689
9690
9691
9695
9700
9701
9702
9703
9705
9706
9708
9709
9712
9719
9721
9723
9725
9730
9733
9737
9738
9739
9743
9745
9747
9750
9751
9753
9755
9759
9761
9765
9766
9768
9769
9770
9771
9773
9776
9777
9779
9780
9785
9790
9794
9796
9800
9801
9802
9804
9811
9812
9817
9819
9820
9821
9825
9826
9827
9828
9831
9832
9835
9838
9840
9841
9842
9846
9847
9848
9852
9856
9863
9864
9869
9871
9872
9873
9874
9876
9879
9880
9882
9883
9886
9888
9891
9892
9895
9897
9898
9899
9900
9902
9904
9908
9913
9914
9916
9917
9918
9919
9921
9925
9927
9932
9936
9937
9938
9939
9940
9943
9949
9950
9952
9953
9954
9956
9958
9960
9961
9963
9967
9969
9970
9972
9976
9981
9985
9986
9988
9991
9992
9996
9997
