2
11
14
21
25
30
32
33
34
38
40
44
45
47
51
53
57
60
61
62
63
65
67
70
71
74
76
82
83
84
86
91
93
94
105
106
108
110
123
124
128
129
131
135
138
142
143
146
148
149
152
153
155
160
161
166
169
170
171
174
175
176
177
179
180
181
188
195
198
203
204
209
210
211
213
214
224
232
240
241
243
245
246
255
256
257
258
259
260
261
267
268
269
270
271
273
274
277
279
280
281
283
284
287
291
293
294
296
299
300
301
303
305
309
310
311
312
313
315
321
322
324
331
332
334
337
339
343
346
348
349
350
356
358
360
366
367
368
369
370
372
376
377
378
381
384
385
387
388
390
392
399
401
403
408
409
411
412
413
417
419
425
428
429
431
434
436
441
443
444
445
447
450
451
455
456
457
458
460
462
463
464
465
466
467
470
471
474
475
476
477
483
487
489
491
502
503
505
507
510
512
513
514
519
520
521
527
528
532
534
535
536
537
540
542
544
546
551
553
556
557
558
560
561
564
565
567
572
573
577
580
582
584
587
589
590
593
594
595
604
605
609
614
617
618
620
622
623
631
636
640
643
645
646
647
648
656
659
662
663
664
668
670
673
677
682
684
685
687
689
690
692
693
696
697
698
699
702
703
704
708
709
711
715
717
719
720
722
727
729
730
738
739
740
744
747
750
754
757
758
759
761
765
770
771
780
784
785
786
790
792
793
797
802
804
805
807
809
810
814
815
817
822
823
825
827
828
829
832
835
838
841
846
852
853
855
857
861
862
865
866
867
868
869
874
879
880
884
892
895
896
897
899
904
905
906
911
912
913
914
916
917
919
922
923
925
936
943
944
950
952
953
956
957
960
961
962
964
965
966
969
971
972
973
974
977
978
979
980
984
988
989
990
994
995
996
998
1000
1001
1007
1009
1011
1013
1014
1015
1020
1023
1024
1026
1030
1034
1039
1042
1043
1045
1046
1048
1049
1051
1055
1056
1057
1060
1061
1062
1063
1065
1067
1068
1071
1072
1076
1084
1086
1092
1097
1098
1100
1102
1103
1104
1105
1106
1107
1109
1110
1113
1119
1120
1124
1125
1126
1132
1133
1134
1139
1140
1142
1144
1145
1146
1147
1154
1157
1163
1165
1166
1169
1171
1174
1177
1181
1182
1183
1185
1190
1191
1193
1195
1198
1200
1203
1205
1206
1208
1209
1211
1213
1218
1219
1220
1221
1224
1228
1236
1237
1239
1241
1242
1243
1245
1246
1247
1250
1251
1252
1255
1257
1259
1260
1263
1264
1265
1266
1267
1268
1269
1275
1278
1280
1282
1284
1285
1287
1290
1292
1296
1297
1300
1302
1307
1309
1313
1314
1315
1317
1321
1326
1327
1328
1329
1330
1332
1333
1335
1337
1339
1340
1341
1343
1345
1351
1352
1353
1354
1356
1358
1360
1361
1364
1367
1370
1374
1375
1376
1377
1378
1384
1385
1387
1390
1400
1402
1404
1406
1408
1410
1411
1412
1413
1420
1427
1428
1429
1430
1436
1438
1439
1441
1443
1444
1447
1449
1451
1452
1455
1457
1459
1460
1463
1465
1466
1470
1473
1478
1479
1482
1489
1490
1492
1496
1498
1501
1506
1509
1511
1513
1517
1518
1520
1523
1524
1526
1529
1530
1531
1532
1533
1534
1540
1549
1551
1553
1557
1558
1559
1561
1562
1564
1565
1567
1571
1573
1577
1584
1588
1591
1593
1594
1602
1606
1609
1611
1612
1617
1618
1619
1623
1624
1625
1626
1627
1629
1630
1634
1636
1640
1649
1651
1652
1655
1660
1664
1667
1669
1671
1673
1675
1680
1681
1685
1688
1689
1690
1696
1700
1702
1704
1705
1712
1713
1715
1716
1719
1722
1725
1726
1727
1729
1733
1734
1735
1736
1737
1739
1740
1741
1746
1747
1748
1749
1752
1753
1754
1755
1758
1759
1761
1762
1764
1765
1766
1767
1771
1773
1774
1778
1783
1784
1785
1788
1789
1790
1792
1793
1796
1801
1803
1804
1805
1808
1812
1818
1820
1821
1823
1824
1826
1828
1830
1833
1834
1837
1838
1840
1847
1851
1853
1859
1860
1862
1866
1868
1869
1871
1872
1874
1878
1879
1880
1881
1885
1889
1891
1893
1894
1899
1903
1907
1908
1909
1915
1917
1920
1922
1924
1927
1930
1931
1937
1939
1943
1944
1945
1947
1948
1951
1952
1955
1956
1960
1961
1962
1963
1966
1970
1976
1980
1982
1985
1987
1994
1995
1998
2005
2011
2012
2013
2015
2018
2019
2020
2023
2025
2026
2027
2028
2029
2032
2033
2037
2039
2041
2043
2046
2049
2050
2051
2053
2055
2057
2058
2060
2063
2065
2066
2067
2068
2073
2074
2081
2084
2085
2093
2097
2098
2100
2105
2114
2117
2121
2125
2130
2133
2135
2140
2141
2148
2150
2152
2154
2158
2159
2162
2173
2175
2176
2178
2180
2181
2182
2183
2184
2187
2191
2193
2194
2197
2198
2199
2202
2203
2204
2205
2206
2209
2210
2215
2216
2217
2220
2222
2223
2224
2225
2227
2232
2233
2234
2237
2244
2248
2249
2250
2253
2256
2257
2259
2260
2263
2267
2268
2270
2272
2275
2278
2282
2285
2286
2289
2294
2302
2305
2306
2309
2312
2315
2316
2318
2322
2323
2325
2328
2330
2333
2334
2338
2341
2345
2348
2349
2350
2356
2357
2359
2364
2369
2370
2376
2377
2379
2380
2382
2383
2384
2389
2395
2398
2407
2408
2409
2410
2411
2412
2413
2415
2417
2419
2420
2424
2429
2435
2441
2442
2443
2448
2450
2454
2458
2460
2462
2464
2469
2470
2472
2474
2475
2479
2481
2483
2484
2485
2487
2489
2494
2495
2497
2499
2501
2502
2508
2509
2511
2512
2514
2516
2522
2525
2526
2529
2530
2532
2533
2534
2539
2540
2541
2544
2545
2548
2550
2551
2552
2556
2560
2561
2564
2565
2566
2567
2570
2573
2575
2578
2580
2584
2587
2589
2591
2593
2594
2597
2598
2600
2603
2604
2607
2610
2615
2620
2622
2624
2625
2626
2627
2629
2634
2636
2639
2641
2645
2647
2656
2657
2662
2664
2665
2667
2670
2674
2676
2678
2680
2681
2682
2683
2693
2694
2695
2697
2698
2699
2700
2701
2702
2703
2705
2712
2714
2719
2732
2734
2745
2746
2747
2751
2756
2757
2759
2761
2763
2774
2784
2786
2790
2791
2792
2795
2797
2799
2803
2805
2807
2813
2818
2820
2821
2822
2823
2825
2826
2828
2829
2835
2837
2839
2840
2841
2843
2847
2848
2850
2852
2853
2854
2859
2862
2866
2869
2876
2880
2888
2889
2890
2891
2892
2894
2895
2896
2897
2898
2900
2906
2908
2910
2912
2915
2916
2917
2919
2920
2923
2924
2926
2928
2931
2937
2938
2939
2941
2943
2944
2946
2949
2950
2953
2956
2960
2961
2965
2966
2967
2970
2977
2980
2981
2982
2984
2987
2988
2989
2990
2991
2996
2997
2999
3000
3001
3003
3004
3005
3006
3009
3010
3011
3015
3016
3018
3021
3025
3026
3028
3031
3032
3033
3035
3036
3037
3040
3045
3046
3047
3048
3050
3051
3054
3062
3063
3066
3067
3069
3070
3073
3079
3081
3085
3088
3090
3091
3094
3096
3099
3100
3102
3103
3104
3105
3106
3107
3108
3111
3112
3114
3115
3122
3125
3126
3128
3129
3130
3131
3132
3135
3136
3137
3138
3139
3144
3151
3152
3153
3156
3161
3164
3165
3166
3168
3170
3171
3172
3174
3175
3176
3178
3182
3183
3185
3186
3188
3193
3194
3197
3198
3199
3201
3204
3206
3209
3212
3215
3217
3219
3223
3225
3226
3227
3229
3230
3233
3234
3235
3237
3238
3240
3241
3243
3247
3249
3251
3254
3256
3257
3259
3260
3262
3265
3266
3274
3275
3276
3279
3281
3282
3284
3285
3286
3288
3289
3291
3292
3295
3297
3298
3301
3303
3308
3310
3313
3315
3316
3317
3319
3322
3323
3325
3329
3332
3333
3344
3349
3350
3351
3353
3354
3357
3358
3359
3361
3367
3368
3370
3373
3375
3376
3378
3379
3385
3386
3387
3390
3391
3393
3397
3399
3400
3402
3405
3411
3413
3414
3416
3417
3419
3420
3423
3424
3425
3428
3430
3432
3443
3447
3448
3450
3453
3458
3460
3463
3465
3471
3475
3480
3482
3483
3484
3491
3493
3497
3499
3501
3507
3512
3513
3514
3517
3519
3520
3525
3526
3527
3528
3529
3530
3531
3532
3534
3543
3545
3547
3548
3551
3554
3558
3559
3560
3561
3563
3564
3565
3566
3567
3571
3575
3578
3586
3588
3593
3595
3598
3599
3603
3604
3605
3608
3611
3613
3615
3617
3618
3619
3620
3624
3629
3631
3632
3639
3640
3646
3648
3655
3657
3658
3662
3663
3665
3666
3670
3672
3678
3679
3680
3681
3682
3684
3687
3689
3690
3692
3693
3694
3695
3699
3700
3701
3702
3703
3704
3711
3712
3713
3714
3715
3717
3719
3720
3721
3725
3728
3734
3736
3738
3742
3744
3751
3752
3753
3754
3756
3759
3760
3762
3763
3764
3765
3767
3768
3775
3780
3781
3783
3785
3788
3789
3791
3792
3793
3796
3798
3802
3804
3806
3807
3808
3809
3810
3812
3814
3816
3817
3818
3819
3820
3821
3824
3826
3831
3833
3836
3838
3839
3840
3847
3849
3854
3855
3857
3860
3861
3862
3865
3867
3868
3870
3871
3875
3876
3877
3880
3882
3884
3886
3887
3890
3891
3893
3898
3900
3901
3903
3907
3910
3912
3913
3916
3917
3919
3921
3923
3931
3933
3934
3935
3940
3945
3946
3947
3949
3950
3953
3956
3958
3960
3963
3967
3969
3970
3975
3977
3979
3980
3982
3983
3985
3987
3988
3989
3991
4000
4001
4009
4014
4017
4018
4020
4022
4024
4025
4026
4027
4028
4029
4032
4035
4038
4047
4048
4049
4051
4053
4054
4056
4058
4063
4065
4067
4070
4071
4073
4080
4085
4087
4093
4094
4095
4098
4099
4101
4102
4106
4107
4110
4116
4120
4121
4123
4125
4127
4129
4132
4134
4143
4145
4147
4148
4151
4152
4154
4155
4156
4157
4158
4160
4161
4163
4166
4168
4169
4173
4174
4176
4180
4181
4185
4188
4190
4191
4192
4193
4194
4196
4197
4198
4201
4202
4203
4205
4206
4209
4211
4212
4213
4215
4219
4221
4222
4225
4228
4241
4245
4246
4247
4248
4252
4255
4259
4260
4261
4267
4270
4271
4272
4273
4274
4275
4278
4281
4283
4287
4289
4290
4291
4292
4295
4296
4297
4298
4300
4310
4313
4314
4316
4318
4320
4321
4323
4325
4326
4334
4335
4340
4342
4344
4346
4350
4351
4353
4357
4365
4367
4369
4374
4378
4384
4385
4388
4389
4390
4394
4397
4399
4400
4403
4409
4411
4413
4418
4420
4421
4424
4426
4428
4434
4436
4437
4439
4440
4441
4442
4444
4445
4446
4452
4453
4456
4459
4461
4467
4472
4478
4479
4484
4487
4488
4489
4492
4496
4498
4499
4500
4501
4502
4505
4507
4508
4509
4511
4512
4516
4518
4519
4522
4523
4526
4531
4533
4534
4535
4537
4538
4545
4548
4550
4552
4557
4559
4561
4562
4563
4567
4570
4571
4574
4575
4580
4581
4582
4584
4585
4587
4589
4591
4593
4594
4595
4598
4601
4603
4604
4605
4609
4610
4614
4622
4623
4624
4625
4631
4636
4639
4643
4644
4645
4648
4649
4653
4656
4658
4662
4666
4671
4673
4674
4675
4676
4682
4685
4687
4691
4693
4697
4700
4703
4709
4711
4712
4714
4715
4719
4720
4723
4724
4726
4728
4729
4732
4733
4734
4735
4738
4739
4741
4744
4750
4752
4753
4755
4760
4764
4766
4768
4770
4772
4773
4776
4778
4779
4780
4781
4784
4785
4787
4791
4793
4796
4797
4799
4802
4808
4814
4820
4821
4824
4825
4826
4831
4834
4837
4838
4839
4840
4843
4844
4846
4847
4850
4851
4853
4854
4855
4857
4859
4862
4863
4864
4869
4870
4877
4878
4879
4885
4886
4891
4894
4897
4899
4902
4906
4907
4909
4910
4911
4912
4913
4914
4916
4920
4922
4926
4931
4935
4939
4941
4943
4947
4948
4950
4951
4953
4954
4958
4959
4960
4961
4966
4969
4970
4972
4973
4974
4975
4976
4982
4983
4990
4991
4993
4998
5000
5001
5002
5004
5005
5008
5009
5012
5014
5015
5016
5019
5022
5026
5028
5029
5033
5035
5037
5040
5043
5044
5047
5048
5053
5057
5061
5064
5065
5069
5070
5073
5076
5081
5083
5088
5089
5091
5095
5096
5100
5101
5103
5104
5105
5106
5108
5109
5113
5116
5118
5127
5128
5130
5137
5138
5140
5148
5150
5151
5152
5154
5155
5156
5157
5158
5159
5160
5163
5165
5169
5170
5172
5173
5177
5179
5186
5187
5191
5195
5200
5201
5202
5206
5208
5210
5211
5218
5222
5225
5227
5230
5231
5232
5233
5236
5241
5242
5247
5249
5253
5256
5257
5258
5259
5263
5264
5265
5266
5267
5268
5269
5272
5275
5278
5280
5283
5284
5285
5299
5301
5302
5303
5305
5307
5308
5309
5313
5314
5320
5324
5329
5333
5337
5340
5341
5342
5343
5344
5345
5346
5347
5353
5355
5357
5361
5363
5366
5368
5370
5371
5373
5379
5380
5381
5388
5390
5391
5393
5395
5396
5398
5400
5401
5404
5407
5416
5419
5423
5424
5428
5432
5434
5436
5437
5443
5444
5445
5449
5451
5454
5456
5457
5459
5468
5472
5474
5477
5482
5484
5486
5487
5488
5489
5501
5504
5507
5509
5512
5515
5517
5527
5528
5530
5532
5537
5543
5544
5551
5556
5557
5558
5562
5567
5569
5570
5576
5581
5584
5586
5587
5592
5595
5597
5604
5609
5610
5612
5613
5614
5618
5622
5624
5625
5626
5627
5628
5629
5630
5631
5637
5638
5640
5641
5642
5645
5651
5652
5654
5656
5657
5659
5660
5662
5664
5670
5679
5681
5691
5694
5695
5697
5698
5703
5706
5709
5710
5713
5714
5717
5719
5723
5727
5728
5729
5733
5735
5736
5737
5743
5744
5745
5746
5747
5752
5754
5755
5757
5760
5761
5765
5767
5768
5771
5774
5775
5777
5780
5781
5782
5783
5784
5786
5788
5789
5790
5791
5793
5796
5797
5800
5801
5803
5810
5813
5815
5817
5819
5822
5828
5830
5832
5836
5837
5838
5839
5841
5842
5851
5852
5855
5856
5857
5859
5860
5866
5871
5873
5875
5877
5879
5882
5883
5884
5886
5887
5897
5899
5900
5901
5904
5905
5906
5908
5911
5913
5914
5916
5918
5920
5921
5922
5923
5924
5927
5928
5929
5935
5938
5939
5940
5942
5943
5944
5945
5948
5949
5950
5956
5957
5963
5964
5966
5973
5974
5977
5981
5982
5983
5984
5987
5988
5990
5991
5993
5994
5996
5997
6003
6008
6012
6013
6014
6015
6017
6018
6020
6024
6028
6030
6031
6045
6047
6049
6053
6059
6065
6067
6068
6072
6074
6077
6079
6083
6086
6087
6093
6098
6101
6103
6105
6107
6109
6110
6115
6116
6118
6119
6120
6121
6122
6123
6124
6125
6128
6129
6131
6132
6135
6136
6139
6140
6141
6142
6145
6146
6147
6152
6153
6154
6159
6160
6163
6165
6166
6170
6171
6174
6176
6178
6179
6180
6181
6186
6187
6188
6190
6195
6196
6197
6200
6201
6205
6206
6208
6209
6211
6212
6213
6217
6221
6222
6223
6225
6227
6235
6236
6237
6240
6241
6243
6245
6250
6263
6264
6266
6267
6269
6270
6272
6275
6276
6281
6283
6287
6290
6291
6293
6295
6298
6303
6305
6306
6307
6308
6309
6314
6321
6325
6326
6330
6333
6335
6336
6341
6343
6344
6348
6349
6354
6355
6357
6359
6360
6361
6362
6365
6367
6369
6370
6373
6375
6376
6386
6391
6393
6395
6396
6397
6401
6402
6403
6405
6406
6408
6414
6415
6416
6417
6423
6426
6429
6430
6432
6434
6437
6443
6453
6454
6455
6458
6459
6460
6464
6466
6467
6474
6478
6480
6481
6483
6489
6491
6492
6494
6495
6496
6497
6498
6501
6503
6506
6513
6514
6515
6517
6519
6521
6525
6526
6528
6529
6532
6533
6534
6535
6542
6543
6544
6545
6547
6550
6558
6559
6560
6562
6569
6570
6571
6574
6578
6580
6581
6582
6584
6586
6588
6589
6591
6592
6593
6595
6598
6599
6600
6602
6604
6608
6609
6610
6611
6616
6618
6619
6622
6623
6624
6628
6629
6631
6633
6635
6636
6637
6639
6642
6644
6645
6647
6649
6651
6652
6653
6654
6655
6656
6660
6663
6665
6666
6668
6669
6671
6674
6675
6682
6688
6689
6691
6695
6696
6698
6702
6705
6707
6710
6716
6717
6719
6721
6722
6724
6726
6727
6732
6733
6734
6736
6743
6746
6748
6749
6753
6757
6758
6760
6761
6764
6767
6770
6771
6772
6774
6775
6784
6787
6791
6796
6801
6802
6803
6807
6808
6810
6811
6814
6818
6820
6822
6824
6825
6826
6829
6831
6832
6840
6842
6843
6844
6846
6847
6849
6850
6851
6855
6857
6864
6865
6866
6868
6869
6870
6872
6873
6875
6876
6877
6880
6881
6883
6887
6891
6892
6896
6897
6900
6903
6904
6905
6911
6915
6916
6928
6929
6931
6933
6935
6936
6940
6941
6942
6945
6946
6955
6959
6960
6961
6962
6964
6967
6968
6972
6975
6976
6978
6979
6980
6982
6983
6988
6995
6997
7000
7001
7002
7003
7004
7008
7013
7014
7016
7018
7020
7022
7023
7026
7029
7032
7038
7040
7043
7048
7050
7055
7057
7060
7063
7068
7070
7071
7074
7075
7078
7079
7084
7086
7087
7093
7098
7099
7103
7105
7108
7110
7119
7120
7124
7131
7136
7137
7138
7140
7141
7145
7146
7148
7149
7152
7153
7154
7156
7157
7159
7162
7163
7165
7167
7169
7170
7172
7174
7176
7180
7188
7190
7191
7192
7194
7196
7197
7198
7201
7204
7205
7206
7207
7211
7212
7216
7221
7222
7224
7226
7227
7230
7235
7238
7239
7241
7248
7250
7253
7255
7258
7264
7266
7267
7269
7271
7273
7274
7275
7277
7280
7282
7283
7286
7290
7291
7294
7297
7300
7301
7303
7306
7307
7310
7311
7313
7316
7317
7321
7323
7334
7335
7336
7338
7340
7344
7345
7347
7349
7350
7351
7355
7360
7363
7364
7366
7367
7379
7380
7381
7382
7384
7385
7387
7388
7390
7391
7393
7395
7397
7399
7403
7404
7405
7407
7408
7411
7412
7417
7418
7422
7425
7428
7434
7436
7437
7440
7441
7442
7443
7444
7445
7446
7448
7449
7451
7455
7456
7461
7462
7463
7465
7466
7467
7470
7472
7473
7474
7476
7478
7481
7483
7484
7487
7488
7491
7492
7494
7496
7498
7499
7504
7505
7507
7510
7512
7513
7514
7515
7517
7521
7527
7528
7529
7531
7532
7535
7538
7542
7543
7546
7547
7549
7552
7554
7555
7557
7558
7560
7561
7562
7567
7575
7576
7583
7584
7586
7587
7588
7589
7592
7593
7597
7598
7600
7604
7605
7608
7609
7610
7615
7618
7622
7625
7628
7640
7641
7644
7650
7652
7653
7657
7659
7660
7663
7664
7667
7669
7670
7673
7679
7684
7690
7691
7692
7694
7696
7700
7703
7704
7705
7706
7707
7709
7710
7720
7721
7722
7723
7727
7728
7729
7730
7732
7737
7738
7740
7742
7744
7745
7747
7748
7749
7750
7752
7753
7754
7755
7761
7762
7765
7766
7771
7772
7774
7775
7780
7782
7783
7786
7787
7789
7791
7795
7796
7798
7800
7801
7802
7803
7804
7807
7809
7811
7813
7815
7818
7824
7825
7826
7828
7830
7831
7832
7836
7839
7840
7842
7843
7844
7845
7847
7848
7850
7851
7856
7858
7861
7862
7863
7864
7865
7868
7872
7878
7879
7881
7883
7892
7893
7896
7900
7902
7904
7912
7914
7915
7916
7920
7924
7928
7929
7933
7934
7936
7938
7940
7942
7943
7945
7951
7953
7968
7973
7975
7979
7981
7983
7984
7992
7997
8000
8002
8005
8009
8010
8013
8014
8016
8020
8022
8023
8029
8030
8031
8032
8033
8034
8041
8043
8044
8045
8053
8055
8056
8057
8058
8059
8060
8061
8062
8063
8066
8067
8068
8070
8072
8074
8077
8079
8085
8089
8092
8094
8100
8106
8108
8110
8112
8114
8116
8117
8119
8122
8124
8125
8126
8127
8130
8133
8139
8141
8142
8146
8149
8151
8154
8167
8168
8170
8172
8173
8176
8177
8179
8180
8181
8184
8186
8187
8188
8190
8193
8195
8196
8199
8203
8205
8209
8211
8212
8213
8216
8217
8218
8223
8225
8226
8233
8235
8236
8237
8238
8239
8247
8256
8261
8262
8263
8264
8267
8269
8273
8274
8277
8282
8284
8286
8288
8289
8291
8292
8293
8294
8297
8299
8306
8307
8309
8310
8311
8314
8315
8316
8317
8319
8320
8321
8322
8324
8326
8327
8328
8329
8331
8333
8334
8339
8340
8342
8343
8344
8349
8353
8359
8361
8365
8367
8368
8373
8376
8377
8381
8383
8389
8392
8394
8396
8399
8403
8407
8409
8416
8418
8422
8427
8434
8439
8444
8447
8450
8453
8458
8462
8466
8467
8468
8469
8472
8476
8484
8488
8489
8490
8492
8493
8496
8497
8505
8507
8509
8513
8514
8515
8516
8518
8521
8523
8527
8528
8529
8530
8531
8536
8537
8539
8540
8541
8542
8543
8547
8550
8551
8558
8562
8564
8566
8567
8568
8571
8572
8574
8576
8578
8580
8585
8587
8589
8593
8596
8607
8614
8615
8619
8624
8625
8627
8628
8629
8632
8633
8634
8636
8637
8640
8643
8644
8646
8650
8652
8656
8657
8658
8660
8661
8662
8663
8664
8670
8671
8672
8673
8674
8675
8677
8679
8680
8682
8683
8684
8688
8696
8699
8705
8707
8708
8709
8716
8717
8718
8719
8720
8721
8724
8730
8731
8735
8739
8743
8745
8749
8754
8755
8758
8762
8763
8764
8769
8771
8772
8777
8778
8782
8783
8786
8788
8790
8792
8795
8797
8798
8801
8803
8809
8811
8816
8818
8821
8823
8824
8825
8828
8829
8831
8833
8836
8837
8842
8843
8844
8845
8846
8847
8848
8849
8850
8851
8852
8855
8856
8861
8862
8863
8868
8869
8870
8872
8873
8876
8877
8878
8881
8884
8887
8889
8895
8896
8897
8900
8904
8906
8907
8909
8911
8913
8919
8921
8923
8924
8926
8928
8929
8931
8933
8935
8936
8937
8941
8942
8943
8945
8946
8947
8948
8953
8955
8956
8957
8959
8960
8961
8965
8966
8968
8970
8972
8973
8975
8988
8996
9001
9003
9005
9006
9010
9015
9017
9019
9021
9024
9030
9032
9033
9037
9039
9041
9043
9044
9049
9050
9057
9059
9060
9062
9063
9064
9068
9071
9073
9074
9075
9079
9084
9085
9087
9088
9090
9092
9093
9098
9099
9100
9103
9106
9107
9112
9117
9122
9124
9126
9127
9131
9132
9133
9137
9139
9142
9145
9150
9158
9159
9160
9161
9164
9166
9170
9171
9176
9177
9179
9180
9183
9184
9185
9186
9188
9190
9191
9193
9194
9195
9197
9198
9201
9202
9206
9215
9216
9223
9224
9225
9231
9234
9235
9236
9239
9240
9241
9242
9246
9253
9256
9258
9260
9263
9266
9268
9273
9275
9276
9277
9280
9281
9285
9287
9289
9290
9295
9298
9304
9305
9308
9312
9313
9315
9318
9319
9323
9324
9329
9334
9338
9339
9341
9343
9345
9348
9353
9354
9360
9362
9363
9364
9366
9369
9370
9372
9373
9376
9377
9378
9379
9385
9388
9401
9406
9416
9417
9420
9422
9423
9425
9427
9428
9430
9431
9432
9436
9438
9439
9441
9444
9445
9446
9451
9453
9454
9455
9457
9458
9459
9463
9465
9467
9468
9469
9474
9476
9483
9484
9486
9490
9493
9494
9502
9503
9511
9512
9514
9516
9518
9519
9525
9527
9528
9529
9532
9536
9537
9544
9546
9549
9554
9556
9557
9558
9559
9562
9564
9569
9571
9572
9575
9576
9577
9579
9580
9581
9582
9583
9584
9587
9589
9590
9593
9594
9595
9596
9597
9598
9600
9601
9604
9607
9609
9616
9619
9626
9627
9629
9630
9632
9633
9635
9638
9639
9640
9642
9643
9644
9645
9646
9650
9651
9653
9654
9660
9668
9669
9670
9672
9674
9675
9678
9679
9682
9683
9687
9690
9691
9692
9693
9694
9695
9697
9700
9703
9706
9707
9709
9711
9712
9713
9714
9715
9716
9717
9728
9730
9732
9733
9734
9735
9736
9740
9741
9742
9744
9745
9749
9751
9752
9753
9755
9757
9759
9760
9764
9766
9774
9775
9779
9782
9786
9787
9789
9798
9799
9800
9805
9806
9807
9811
9812
9813
9814
9816
9817
9819
9822
9823
9824
9828
9830
9831
9832
9833
9836
9838
9840
9849
9850
9851
9852
9853
9854
9855
9856
9859
9864
9865
9866
9867
9870
9871
9889
9892
9898
9899
9900
9904
9906
9907
9909
9914
9915
9917
9918
9920
9921
9928
9932
9933
9940
9945
9950
9954
9955
9956
9958
9959
9963
9973
9974
9978
9979
9981
9983
9984
9987
9990
9992
9993
9995
9996
9997
